54
    15 = p1_i0, p3_i0, p4_i0, p5_i0, p6_i0, p7_i0, p8_i0, p9_i1, p11_i0
     1 = p1_i1, p4_i1, p5_i1, p5_i2, p7_i1, p9_i3, p10_i0, p11_i1
     4 = p2_i0
    13 = p2_i1, p9_i2


"p1_i0"
    55,0,
    44,0,
    54,15

"p1_i1"
    55,0,
    44,0,
    54,1

"p1_i2"
    55,0,
    54,12



"p2_i0"
    55,0,
    44,2,
    54,4


"p2_i1"
    55,0,
    54,13

                    
 
"p2_i2"
    55,0,
    54,12

 
"p3_i0"
    55,0,
    44,1,
    54,15
    
"p3_i1"
    55,0,
    54,12

 
"p4_i0"
    55,0,
    54,15
 
"p4_i1"
    55,0,
    54,1

 
"p4_i2"
    55,0,
    54,12


 
"p5_i0"
    55,0,
    54,15

 
"p5_i1"
    55,0,
    54,1

 
"p5_i2"
    55,1,
    54,1

 
"p5_i3"
    55,0,
    54,12


 
"p6_i0"
    55,0,
    54,15

 
"p6_i1"
    55,0,
    54,12


 
"p7_i0"
    55,0,
    44,2,
    54,15


"p7_i1"
    55,0,
    54,1
                        
 
"p7_i2"
    55,0,
    54,12


 
"p8_i0"
    55,0,
    44,1,
    54,15

"p8_i1"
    55,0,
    54,12

 
"p9_i1"
    55,0,
    44,2,
    54,15


"p9_i2"
    55,0,
    54,13

 
"p9_i3"
    55,0,
    44,1,
    54,1

"p9_i4
    55,0,
    54,12


 
"p10_i0"
    55,0,
    44,1,
    54,1


"p10_i1",                     
    55,0,
    54,12

 
"p11_i0"
    55,0,
    44,2,
    54,15,
    136,1

    
"p11_i1"
    55,0,
    54,1

 
"p11_i2"
    55,0,
    54,12


 
"p12_i0"
    55,0,
    54,12


 